16064034
16064035
16064036
16064037
16064074
16064076
16064077
16064078
16064079
16064080
16064081
16064082
16065001
16065002
16065003
16065004
16065005
16065006
16065007
16065008
16065009
16065010
16065011
16065012
16065013
16065014
16065015
16065016
16065017
16065018
16065023
16065024
16065025
16065026
16065027
16065028
16065036
16065037
16065038
16065039
16065041
16065042
16065043
16065044
16065045
16065046
16065047
16065048
16065059
16065060
16065061
16065072
16066001
16066002
16066003
16066004
16066005
16066006
16066007
16066008
16066009
16066010
16066011
16066012
16066015
16066016
16066017
16066018
16066019
16066020
16066021
16066026
16066027
16066028
16066029
16066030
16066031
16066032
16066033
16066035
16066046
16066047
16066048
16066049
16066050
16066051
16066052
16066053
16066054
16066055
16066057
16066059
16066060
16067001
16067002
16067003
16067004
16067005
16067006
16067013
16067014
16067015
16067016
16067017
16067019
16067020
16067021
16067022
16067039
16067040
16067042
16067043
16067044
16067045
16067046
16067047
16067048
16068001
16068002
16068003
16068004
16068005
16068006
16068007
16068008
16068009
16068010
16068012
16068013
16068014
16068015
16068016
16068027
16068033
16069015
16069023
16069050
16069052
16069056
16069058
