production_pp200trans_2015 16064034 18744 84 9.37971973
production_pp200trans_2015 16064035 18744 38 9.37467003
production_pp200trans_2015 16064036 18745 56 9.37467003
production_pp200trans_2015 16064037 18745 85 9.37467003
production_pp200trans_2015 16064074 18749 452 9.38315010
production_pp200trans_2015 16064075 18749 898 9.38315010
production_pp200trans_2015 16064076 18749 469 9.38315010
production_pp200trans_2015 16064077 18749 446 9.38315010
production_pp200trans_2015 16064078 18749 2136 9.38315010
production_pp200trans_2015 16064079 18749 1982 9.38315010
production_pp200trans_2015 16064080 18749 1467 9.38314915
production_pp200trans_2015 16064081 18749 174 9.38315868
production_pp200trans_2015 16064082 18749 1969 9.38315868
production_pp200trans_2015 16065001 18749 1921 9.38315868
production_pp200trans_2015 16065002 18749 1832 9.38314915
production_pp200trans_2015 16065003 18749 1867 9.38314915
production_pp200trans_2015 16065004 18749 97 9.38315010
production_pp200trans_2015 16065005 18749 1936 9.38315010
production_pp200trans_2015 16065006 18749 1917 9.38314915
production_pp200trans_2015 16065007 18749 1904 9.38314915
production_pp200trans_2015 16065008 18749 1775 9.38315010
production_pp200trans_2015 16065009 18749 1824 9.38315010
production_pp200trans_2015 16065010 18749 1817 9.38315010
production_pp200trans_2015 16065011 18749 100 9.38315010
production_pp200trans_2015 16065012 18749 1953 9.38315010
production_pp200trans_2015 16065013 18749 1973 9.38315010
production_pp200trans_2015 16065014 18749 1344 9.38315010
production_pp200trans_2015 16065015 18749 1608 9.38314915
production_pp200trans_2015 16065016 18749 1826 9.38314915
production_pp200trans_2015 16065017 18749 1827 9.38314915
production_pp200trans_2015 16065018 18749 1167 9.38314915
production_pp200trans_2015 16065023 18750 1308 9.38315010
production_pp200trans_2015 16065024 18750 852 9.38315010
production_pp200trans_2015 16065025 18750 1810 9.38315010
production_pp200trans_2015 16065026 18750 833 9.38314915
production_pp200trans_2015 16065027 18750 1995 9.38314915
production_pp200trans_2015 16065028 18750 1499 9.38315010
production_pp200trans_2015 16065036 18751 1405 9.38107967
production_pp200trans_2015 16065037 18751 1315 9.38107967
production_pp200trans_2015 16065038 18751 1936 9.38315010
production_pp200trans_2015 16065039 18751 1484 9.38315010
production_pp200trans_2015 16065041 18751 1667 9.38315010
production_pp200trans_2015 16065042 18751 1189 9.38315010
production_pp200trans_2015 16065043 18751 146 9.38315010
production_pp200trans_2015 16065044 18751 1906 9.38315010
production_pp200trans_2015 16065045 18751 2035 9.38315010
production_pp200trans_2015 16065046 18751 1809 9.38315010
production_pp200trans_2015 16065047 18751 1810 9.38314915
production_pp200trans_2015 16065048 18751 1812 9.38314915
production_pp200trans_2015 16065059 18751 12 9.38314915
production_pp200trans_2015 16065060 18751 1825 9.38314915
production_pp200trans_2015 16065061 18751 1684 9.38314915
production_pp200trans_2015 16065072 18752 1807 9.38271999
production_pp200trans_2015 16066001 18752 1771 9.38315010
production_pp200trans_2015 16066002 18752 1948 9.38315010
production_pp200trans_2015 16066003 18752 1920 9.38315010
production_pp200trans_2015 16066004 18752 1905 9.38315010
production_pp200trans_2015 16066005 18752 1416 9.38315010
production_pp200trans_2015 16066006 18752 2058 9.38315010
production_pp200trans_2015 16066007 18752 1742 9.38315010
production_pp200trans_2015 16066008 18752 1880 9.38315010
production_pp200trans_2015 16066009 18752 1833 9.38314915
production_pp200trans_2015 16066010 18752 11 9.38314915
production_pp200trans_2015 16066011 18752 1821 9.38314915
production_pp200trans_2015 16066012 18752 834 9.38315010
production_pp200trans_2015 16066015 18753 2100 9.38315010
production_pp200trans_2015 16066016 18753 1660 9.38315010
production_pp200trans_2015 16066017 18753 1934 9.38315010
production_pp200trans_2015 16066018 18753 915 9.38315010
production_pp200trans_2015 16066019 18753 929 9.38315010
production_pp200trans_2015 16066020 18753 895 9.38315010
production_pp200trans_2015 16066021 18753 1062 9.38315010
production_pp200trans_2015 16066026 18753 1805 9.38315010
production_pp200trans_2015 16066027 18753 1849 9.38314915
production_pp200trans_2015 16066028 18753 129 9.38314915
production_pp200trans_2015 16066029 18753 18 9.38314915
production_pp200trans_2015 16066030 18753 362 9.38314915
production_pp200trans_2015 16066031 18753 1795 9.38315010
production_pp200trans_2015 16066032 18753 1527 9.38315010
production_pp200trans_2015 16066033 18753 1699 9.38314915
production_pp200trans_2015 16066035 18753 1536 9.38314915
production_pp200trans_2015 16066046 18754 432 9.38315010
production_pp200trans_2015 16066047 18754 1772 9.38315010
production_pp200trans_2015 16066048 18754 199 9.38315010
production_pp200trans_2015 16066049 18754 1547 9.38315010
production_pp200trans_2015 16066050 18754 1818 9.38314915
production_pp200trans_2015 16066051 18754 2398 9.38314915
production_pp200trans_2015 16066052 18754 1843 9.38315964
production_pp200trans_2015 16066053 18754 1586 9.38315964
production_pp200trans_2015 16066054 18754 1286 9.38315964
production_pp200trans_2015 16066055 18754 1651 9.38315964
production_pp200trans_2015 16066057 18754 35 9.38314915
production_pp200trans_2015 16066059 18754 1808 9.38314915
production_pp200trans_2015 16066060 18754 1811 9.38314915
production_pp200trans_2015 16067001 18754 1894 9.38315010
production_pp200trans_2015 16067002 18754 20 9.38315010
production_pp200trans_2015 16067003 18754 1872 9.38315010
production_pp200trans_2015 16067004 18754 1558 9.38315964
production_pp200trans_2015 16067005 18754 1909 9.38315964
production_pp200trans_2015 16067006 18754 438 9.38315010
production_pp200trans_2015 16067013 18758 1267 9.38045025
production_pp200trans_2015 16067014 18758 753 9.38315010
production_pp200trans_2015 16067015 18758 1806 9.38315010
production_pp200trans_2015 16067016 18758 1876 9.38315010
production_pp200trans_2015 16067017 18758 1818 9.38315964
production_pp200trans_2015 16067019 18758 1820 9.38314915
production_pp200trans_2015 16067020 18758 1832 9.38314915
production_pp200trans_2015 16067021 18758 1809 9.38314915
production_pp200trans_2015 16067022 18758 1686 9.38314915
production_pp200trans_2015 16067039 18760 2256 9.38191986
production_pp200trans_2015 16067040 18760 313 9.38314915
production_pp200trans_2015 16067041 18760 1895 9.38314915
production_pp200trans_2015 16067042 18760 1997 9.38314915
production_pp200trans_2015 16067043 18760 1809 9.38314915
production_pp200trans_2015 16067044 18760 1754 9.38314915
production_pp200trans_2015 16067045 18760 39 9.38315010
production_pp200trans_2015 16067046 18760 111 9.38315010
production_pp200trans_2015 16067047 18760 103 9.38315010
production_pp200trans_2015 16067048 18760 10 9.38315010
production_pp200trans_2015 16068001 18760 1699 9.38315010
production_pp200trans_2015 16068002 18760 11 9.38314915
production_pp200trans_2015 16068003 18760 1865 9.38314915
production_pp200trans_2015 16068004 18760 1592 9.38314915
production_pp200trans_2015 16068005 18760 1915 9.38314915
production_pp200trans_2015 16068006 18760 1850 9.38315010
production_pp200trans_2015 16068007 18760 1824 9.38315010
production_pp200trans_2015 16068008 18760 1918 9.38315010
production_pp200trans_2015 16068009 18760 1982 9.38315010
production_pp200trans_2015 16068010 18760 888 9.38314915
production_pp200trans_2015 16068012 18761 1614 9.38132954
production_pp200trans_2015 16068013 18761 553 9.38132954
production_pp200trans_2015 16068014 18761 2030 9.38132954
production_pp200trans_2015 16068015 18761 1833 9.38314915
production_pp200trans_2015 16068016 18761 1663 9.38315010
production_pp200trans_2015 16068017 18761 433 9.38315964
production_pp200trans_2015 16068018 18761 2383 9.38315964
production_pp200trans_2015 16068021 18761 1790 9.38315964
production_pp200trans_2015 16068022 18761 2002 9.38315964
production_pp200trans_2015 16068023 18761 603 9.38315964
production_pp200trans_2015 16068024 18761 1995 9.38315964
production_pp200trans_2015 16068025 18761 1033 9.38315868
production_pp200trans_2015 16068026 18761 160 9.38315868
production_pp200trans_2015 16068027 18761 17 9.38315868
production_pp200trans_2015 16068028 18761 839 9.38315868
production_pp200trans_2015 16068029 18761 2064 9.38315964
production_pp200trans_2015 16068030 18761 1917 9.38315964
production_pp200trans_2015 16068031 18761 170 9.38315964
production_pp200trans_2015 16068032 18761 1996 9.38315964
production_pp200trans_2015 16068033 18761 12 9.38315010
production_pp200trans_2015 16068034 18761 1818 9.38315010
production_pp200trans_2015 16068035 18761 2021 9.38315010
production_pp200trans_2015 16068036 18761 1814 9.38315010
production_pp200trans_2015 16068037 18761 1481 9.38315010
production_pp200trans_2015 16068038 18761 1854 9.38315964
production_pp200trans_2015 16068039 18761 1842 9.38315964
production_pp200trans_2015 16068040 18761 1264 9.38315964
production_pp200trans_2015 16068042 18761 1763 9.38314915
production_pp200trans_2015 16068043 18761 97 9.38314915
production_pp200trans_2015 16068055 18763 1805 9.38313866
production_pp200trans_2015 16068056 18763 1170 9.38313866
production_pp200trans_2015 16068057 18763 558 9.38313866
production_pp200trans_2015 16068058 18763 1828 9.38321972
production_pp200trans_2015 16069001 18763 1930 9.38321972
production_pp200trans_2015 16069002 18763 1830 9.38348007
production_pp200trans_2015 16069003 18763 1553 9.38348007
production_pp200trans_2015 16069004 18763 358 9.38350964
production_pp200trans_2015 16069005 18763 562 9.38350964
production_pp200trans_2015 16069006 18763 1808 9.38350964
production_pp200trans_2015 16069007 18763 1796 9.38624954
production_pp200trans_2015 16069008 18763 1817 9.38624954
production_pp200trans_2015 16069009 18763 1801 9.38720036
production_pp200trans_2015 16069010 18763 1242 9.38669014
production_pp200trans_2015 16069011 18763 1813 9.41232014
production_pp200trans_2015 16069012 18763 1822 9.44989967
production_pp200trans_2015 16069013 18763 475 9.40587044
production_pp200trans_2015 16069014 18763 109 9.55854988
production_pp200trans_2015 16069015 18763 16 9.40944958
production_pp200trans_2015 16069016 18763 1173 9.47329998
production_pp200trans_2015 16069023 18764 36 9.38321018
production_pp200trans_2015 16069024 18764 624 9.38321018
production_pp200trans_2015 16069025 18764 1856 9.38321018
production_pp200trans_2015 16069026 18764 1807 9.38321018
production_pp200trans_2015 16069027 18764 1820 9.38314915
production_pp200trans_2015 16069028 18764 1820 9.38314915
production_pp200trans_2015 16069029 18764 660 9.38314915
production_pp200trans_2015 16069030 18764 1293 9.38314915
production_pp200trans_2015 16069031 18764 733 9.38315010
production_pp200trans_2015 16069032 18764 456 9.38315010
production_pp200trans_2015 16069033 18764 1026 9.38317013
production_pp200trans_2015 16069034 18764 1833 9.38317013
production_pp200trans_2015 16069035 18764 1845 9.38317013
production_pp200trans_2015 16069036 18764 2296 9.38314915
production_pp200trans_2015 16069037 18764 148 9.38315010
production_pp200trans_2015 16069038 18764 225 9.38315010
production_pp200trans_2015 16069039 18764 1655 9.38315964
production_pp200trans_2015 16069040 18764 240 9.38315964
production_pp200trans_2015 16069041 18764 1854 9.38315964
production_pp200trans_2015 16069042 18764 1894 9.38314915
production_pp200trans_2015 16069045 18765 149 9.38146973
production_pp200trans_2015 16069046 18765 39 9.38315964
production_pp200trans_2015 16069047 18765 282 9.38317013
production_pp200trans_2015 16069048 18765 51 9.38317013
production_pp200trans_2015 16069049 18765 518 9.38317013
production_pp200trans_2015 16069050 18765 12 9.38317013
production_pp200trans_2015 16069052 18765 25 9.38317013
production_pp200trans_2015 16069053 18765 1232 9.38317013
production_pp200trans_2015 16069054 18765 1746 9.38317013
production_pp200trans_2015 16069055 18765 558 9.38317013
production_pp200trans_2015 16069056 18765 8 9.38315010
production_pp200trans_2015 16069058 18765 14 9.38316917
production_pp200trans_2015 16069059 18765 69 9.38316917
production_pp200trans_2015 16069060 18765 3006 9.38316917
production_pp200trans_2015 16069061 18765 253 9.38314915
production_pp200trans_2015 16069062 18765 1967 9.38314915
production_pp200trans_2015 16069063 18765 1227 9.38314915
production_pp200trans_2015 16069064 18765 1795 9.38314915
production_pp200trans_2015 16069065 18765 1777 9.38314915
production_pp200trans_2015 16069066 18765 1714 9.38314915
production_pp200trans_2015 16069067 18765 857 9.38315010
production_pp200trans_2015 16070002 18766 39 9.38313866
production_pp200trans_2015 16070003 18766 2227 9.38313866
production_pp200trans_2015 16070004 18766 1825 9.38313866
production_pp200trans_2015 16070005 18766 1816 9.38315010
production_pp200trans_2015 16070006 18766 1842 9.38315010
production_pp200trans_2015 16070007 18766 142 9.38315010
production_pp200trans_2015 16070008 18766 2143 9.38315010
production_pp200trans_2015 16070009 18766 2222 9.38314915
production_pp200trans_2015 16070010 18766 1891 9.38314915
production_pp200trans_2015 16070011 18766 266 9.38314915
production_pp200trans_2015 16070012 18766 1820 9.38314915
production_pp200trans_2015 16070013 18766 1838 9.38314915
production_pp200trans_2015 16070014 18766 440 9.38314915
production_pp200trans_2015 16070015 18766 537 9.38314915
production_pp200trans_2015 16070035 18772 91 9.38004971
production_pp200trans_2015 16070036 18772 38 9.38315010
production_pp200trans_2015 16070037 18772 66 9.38315010
production_pp200trans_2015 16070038 18772 86 9.38315010
production_pp200trans_2015 16070039 18772 1658 9.38315010
production_pp200trans_2015 16071001 18772 1221 9.38315010
production_pp200trans_2015 16071002 18772 948 9.38315010
production_pp200trans_2015 16071003 18772 229 9.38315010
production_pp200trans_2015 16071004 18772 132 9.38315010
production_pp200trans_2015 16071005 18772 86 9.38315010
production_pp200trans_2015 16071006 18772 869 9.38314915
production_pp200trans_2015 16071007 18772 1706 9.38314915
production_pp200trans_2015 16071008 18772 34 9.38317013
production_pp200trans_2015 16071009 18772 86 9.38315010
production_pp200trans_2015 16071010 18772 564 9.38315010
production_pp200trans_2015 16071011 18772 63 9.38315010
production_pp200trans_2015 16071012 18772 16 9.38315010
production_pp200trans_2015 16071013 18772 11 9.38315010
production_pp200trans_2015 16071014 18772 21 9.38314915
production_pp200trans_2015 16071015 18772 48 9.38315868
production_pp200trans_2015 16071016 18772 1552 9.38315010
production_pp200trans_2015 16071017 18772 100 9.38315010
production_pp200trans_2015 16071018 18772 551 9.38314915
production_pp200trans_2015 16071019 18772 53 9.38314915
production_pp200trans_2015 16071020 18772 54 9.38314915
production_pp200trans_2015 16071021 18772 1891 9.38314915
production_pp200trans_2015 16071022 18772 1868 9.38314915
production_pp200trans_2015 16071023 18772 838 9.38315010
production_pp200trans_2015 16071024 18772 1819 9.38315010
production_pp200trans_2015 16071025 18772 1834 9.38315010
production_pp200trans_2015 16071026 18772 1652 9.38315010
production_pp200trans_2015 16071027 18772 1316 9.38315010
production_pp200trans_2015 16071035 18773 13 9.37625027
production_pp200trans_2015 16071038 18775 67 9.37625980
production_pp200trans_2015 16071042 18776 1803 9.38314915
production_pp200trans_2015 16071043 18776 279 9.38314915
production_pp200trans_2015 16071044 18776 731 9.38314915
production_pp200trans_2015 16071045 18776 533 9.38315010
production_pp200trans_2015 16071046 18776 522 9.38315010
production_pp200trans_2015 16071049 18776 110 9.38314915
production_pp200trans_2015 16071050 18776 553 9.38314915
production_pp200trans_2015 16071051 18776 1150 9.38314915
production_pp200trans_2015 16071052 18776 2069 9.38314915
production_pp200trans_2015 16071053 18776 1851 9.38314915
production_pp200trans_2015 16071054 18776 1820 9.38315010
production_pp200trans_2015 16071055 18776 2167 9.38315010
production_pp200trans_2015 16071056 18776 2119 9.38315010
production_pp200trans_2015 16071057 18776 12 9.38314915
production_pp200trans_2015 16071058 18776 1859 9.38314915
production_pp200trans_2015 16071059 18776 1798 9.38314915
production_pp200trans_2015 16071060 18776 790 9.38314915
production_pp200trans_2015 16071061 18776 2442 9.38314915
production_pp200trans_2015 16071062 18776 295 9.38314915
production_pp200trans_2015 16071069 18777 73 9.38300037
production_pp200trans_2015 16071070 18777 15 9.38300037
production_pp200trans_2015 16071072 18777 31 9.38300037
production_pp200trans_2015 16071073 18777 14 9.38314915
production_pp200trans_2015 16071074 18777 14 9.38315010
production_pp200trans_2015 16071076 18777 421 9.38315010
production_pp200trans_2015 16071077 18777 1714 9.38315010
production_pp200trans_2015 16071078 18777 1798 9.38315010
production_pp200trans_2015 16071079 18777 1973 9.38314915
production_pp200trans_2015 16072001 18777 1820 9.38314915
production_pp200trans_2015 16072002 18777 1630 9.38314915
production_pp200trans_2015 16072003 18777 1853 9.38314915
production_pp200trans_2015 16072005 18777 23 9.38314915
production_pp200trans_2015 16072006 18777 1129 9.38314915
production_pp200trans_2015 16072007 18777 2330 9.38314915
production_pp200trans_2015 16072008 18777 2183 9.38314915
production_pp200trans_2015 16072009 18777 1662 9.38315010
production_pp200trans_2015 16072010 18777 1596 9.38315010
production_pp200trans_2015 16072011 18777 47 9.38314915
production_pp200trans_2015 16072012 18777 2023 9.38314915
production_pp200trans_2015 16072013 18777 1815 9.38314915
production_pp200trans_2015 16072014 18777 873 9.38314915
production_pp200trans_2015 16072021 18778 1978 9.38282013
production_pp200trans_2015 16072022 18778 542 9.38282013
production_pp200trans_2015 16072023 18778 1823 9.38315010
production_pp200trans_2015 16072024 18778 1816 9.38315010
production_pp200trans_2015 16072025 18778 1819 9.38315010
production_pp200trans_2015 16072026 18778 1814 9.38315010
production_pp200trans_2015 16072027 18778 420 9.38314915
production_pp200trans_2015 16072031 18778 11 9.38315010
production_pp200trans_2015 16072032 18778 15 9.38315010
production_pp200trans_2015 16072033 18778 1667 9.38315010
production_pp200trans_2015 16072034 18778 1814 9.38315010
production_pp200trans_2015 16072035 18778 1822 9.38315010
production_pp200trans_2015 16072036 18778 1120 9.38315010
production_pp200trans_2015 16072038 18778 1930 9.38315010
production_pp200trans_2015 16072039 18778 1790 9.38315010
production_pp200trans_2015 16072040 18778 2227 9.38314915
production_pp200trans_2015 16072041 18778 1884 9.38314915
production_pp200trans_2015 16072042 18778 1880 9.38315964
production_pp200trans_2015 16072043 18778 423 9.38315964
production_pp200trans_2015 16072046 18778 199 9.38315010
production_pp200trans_2015 16072047 18778 2671 9.38315010
production_fms_pp200trans_2015 16072048 18778 575 9.38315010
production_pp200trans_2015 16072055 18779 42 9.38239956
production_pp200trans_2015 16072056 18779 246 9.38315010
production_pp200trans_2015 16072057 18779 1990 9.38315010
production_pp200trans_2015 16072058 18779 1733 9.38315010
production_pp200trans_2015 16072059 18779 1846 9.38315964
production_pp200trans_2015 16072060 18779 1194 9.38315964
production_pp200trans_2015 16072061 18779 2395 9.38315010
production_pp200trans_2015 16072062 18779 1730 9.38315010
production_pp200trans_2015 16073001 18779 813 9.38315010
production_fms_pp200trans_2015 16073003 18779 43 9.38315010
production_pp200trans_2015 16073004 18779 172 9.38315010
production_pp200trans_2015 16073007 18779 128 9.38315010
production_pp200trans_2015 16073008 18779 68 9.38315964
production_pp200trans_2015 16073009 18779 41 9.38315964
production_pp200trans_2015 16073010 18779 1705 9.38315964
production_pp200trans_2015 16073011 18779 193 9.38315964
production_pp200trans_2015 16073012 18779 1860 9.38315964
production_pp200trans_2015 16073013 18779 1147 9.38315964
production_pp200trans_2015 16073014 18779 1 9.38315964
production_pp200trans_2015 16073015 18779 38 9.38315964
production_pp200trans_2015 16073017 18779 642 9.38315964
production_pp200trans_2015 16073018 18779 1810 9.38315964
production_pp200trans_2015 16073019 18779 1824 9.38314915
production_pp200trans_2015 16073020 18779 1462 9.38314915
production_pp200trans_2015 16073021 18779 902 9.38315868
production_fms_pp200trans_2015 16073023 18779 124 9.38314915
production_fms_pp200trans_2015 16073024 18779 410 9.38314915
production_fms_pp200trans_2015 16073025 18779 217 9.38314915
production_fms_pp200trans_2015 16073026 18779 70 9.38314915
production_pp200trans_2015 16073029 18780 1829 9.38154030
production_pp200trans_2015 16073030 18780 1952 9.38315868
production_pp200trans_2015 16073031 18780 1824 9.38315868
production_pp200trans_2015 16073032 18780 1108 9.38314915
production_pp200trans_2015 16073033 18780 1828 9.38314915
production_pp200trans_2015 16073034 18780 255 9.38315010
production_pp200trans_2015 16073035 18780 926 9.38315010
production_pp200trans_2015 16073037 18780 1998 9.38315010
production_pp200trans_2015 16073038 18780 1820 9.38315868
production_pp200trans_2015 16073039 18780 821 9.38315868
production_pp200trans_2015 16073040 18780 238 9.38315964
production_pp200trans_2015 16073042 18780 50 9.38315964
production_pp200trans_2015 16073043 18780 65 9.38315964
production_pp200trans_2015 16073044 18780 32 9.38317013
production_pp200trans_2015 16073045 18780 1823 9.38317013
production_pp200trans_2015 16073046 18780 1206 9.38317013
production_pp200trans_2015 16073047 18780 1818 9.38315010
production_pp200trans_2015 16073048 18780 1756 9.38315010
production_pp200trans_2015 16073049 18780 1557 9.38315010
production_pp200trans_2015 16073050 18780 755 9.38315010
production_fms_pp200trans_2015 16073051 18780 33 9.38315010
production_pp200trans_2015 16074024 18781 41 9.39997005
production_pp200trans_2015 16076019 18781 10 9.39997005
production_pp200trans_2015 16076028 18781 21 9.39996910
production_fms_pp200trans_2015 16077011 18786 15 9.37625885
production_pp200trans_2015 16077019 18786 851 9.38187981
production_pp200trans_2015 16077020 18786 640 9.38187981
production_pp200trans_2015 16077021 18786 354 9.38187981
production_pp200trans_2015 16077026 18787 26 9.38134956
production_pp200trans_2015 16077027 18787 1108 9.38134956
production_pp200trans_2015 16077028 18787 634 9.38134956
production_pp200trans_2015 16077029 18787 407 9.38134956
production_pp200trans_2015 16077030 18787 1842 9.38314915
production_pp200trans_2015 16077031 18787 1823 9.38314915
production_pp200trans_2015 16077032 18787 1904 9.38315010
production_pp200trans_2015 16077033 18787 1412 9.38315010
production_pp200trans_2015 16077034 18787 1961 9.38315010
production_pp200trans_2015 16077035 18787 1817 9.38315010
production_pp200trans_2015 16077036 18787 454 9.38314915
production_pp200trans_2015 16077037 18787 473 9.38314915
production_pp200trans_2015 16077038 18787 1850 9.38314915
production_pp200trans_2015 16077039 18787 1801 9.38315010
production_pp200trans_2015 16077040 18787 1922 9.38315010
production_pp200trans_2015 16077041 18787 1744 9.38314915
production_pp200trans_2015 16077043 18787 1266 9.38315010
production_pp200trans_2015 16077044 18787 1883 9.38315010
production_pp200trans_2015 16077045 18787 1656 9.38315010
production_pp200trans_2015 16077046 18787 2339 9.38314915
production_pp200trans_2015 16077047 18787 1720 9.38315010
production_fms_pp200trans_2015 16077048 18787 766 9.38315010
production_pp200trans_2015 16077054 18788 2316 9.38072014
production_pp200trans_2015 16077055 18788 978 9.38314915
production_pp200trans_2015 16078001 18788 2029 9.38314915
production_pp200trans_2015 16078002 18788 1832 9.38314915
production_pp200trans_2015 16078003 18788 807 9.38314915
production_pp200trans_2015 16078004 18788 1931 9.38314915
production_pp200trans_2015 16078005 18788 1842 9.38315010
production_pp200trans_2015 16078006 18788 1855 9.38315010
production_pp200trans_2015 16078007 18788 2017 9.38314915
production_pp200trans_2015 16078008 18788 847 9.38315010
production_pp200trans_2015 16078009 18788 1861 9.38315010
production_pp200trans_2015 16078010 18788 2012 9.38315010
production_pp200trans_2015 16078011 18788 1856 9.38315010
production_pp200trans_2015 16078012 18788 2011 9.38314915
production_pp200trans_2015 16078013 18788 2442 9.38314915
production_pp200trans_2015 16078014 18788 1050 9.38315010
production_fms_pp200trans_2015 16078015 18788 1244 9.38315010
production_pp200trans_2015 16078024 18789 410 9.38175964
production_pp200trans_2015 16078025 18789 336 9.38175964
production_pp200trans_2015 16078027 18789 1519 9.38175964
production_pp200trans_2015 16078028 18789 1849 9.38314915
production_pp200trans_2015 16078029 18789 2397 9.38314915
production_pp200trans_2015 16078030 18789 934 9.38315010
production_pp200trans_2015 16078031 18789 2422 9.38315010
production_pp200trans_2015 16078032 18789 218 9.38315010
production_pp200trans_2015 16078033 18789 1930 9.38315010
production_pp200trans_2015 16078034 18789 1845 9.38315010
production_pp200trans_2015 16078035 18789 1933 9.38314915
production_pp200trans_2015 16078036 18789 1843 9.38314915
production_pp200trans_2015 16078037 18789 1863 9.38314915
production_pp200trans_2015 16078038 18789 861 9.38315010
production_pp200trans_2015 16078039 18789 1802 9.38315010
production_pp200trans_2015 16078040 18789 1987 9.38314915
production_pp200trans_2015 16078041 18789 1838 9.38314915
production_pp200trans_2015 16078042 18789 1930 9.38314915
production_fms_pp200trans_2015 16078043 18789 918 9.38314915
production_pp200trans_2015 16078055 18790 2214 9.38150978
production_pp200trans_2015 16078056 18790 1953 9.38150978
production_pp200trans_2015 16079001 18790 1905 9.38314915
production_pp200trans_2015 16079002 18790 1200 9.38315010
production_pp200trans_2015 16079009 18792 2 9.37969971
production_pp200trans_2015 16079010 18792 693 9.37969971
production_pp200trans_2015 16079011 18792 1127 9.37969971
production_pp200trans_2015 16079013 18792 1826 9.38315010
production_pp200trans_2015 16079014 18792 1852 9.38315010
production_pp200trans_2015 16079015 18792 1881 9.38315010
production_pp200trans_2015 16079016 18792 2004 9.38315010
production_pp200trans_2015 16079017 18792 3363 9.38314915
production_pp200trans_2015 16079018 18792 2848 9.38314915
production_pp200trans_2015 16079019 18792 2617 9.38315010
production_pp200trans_2015 16079020 18792 616 9.38315010
production_pp200trans_2015 16079021 18792 -1426862086 9.38315010
