16064034 18744 84
16064035 18744 38
16064036 18745 56
16064037 18745 85
16064074 18749 452
16064075 18749 898
16064076 18749 469
16064077 18749 446
16064078 18749 2136
16064079 18749 1982
16064080 18749 1467
16064081 18749 174
16064082 18749 1969
16065001 18749 1921
16065002 18749 1832
16065003 18749 1867
16065004 18749 97
16065005 18749 1936
16065006 18749 1917
16065007 18749 1904
16065008 18749 1775
16065009 18749 1824
16065010 18749 1817
16065011 18749 100
16065012 18749 1953
16065013 18749 1973
16065014 18749 1344
16065015 18749 1608
16065016 18749 1826
16065017 18749 1827
16065018 18749 1167
16065023 18750 1308
16065024 18750 852
16065025 18750 1810
16065026 18750 833
16065027 18750 1995
16065028 18750 1499
16065036 18751 1405
16065037 18751 1315
16065038 18751 1936
16065039 18751 1484
16065041 18751 1667
16065042 18751 1189
16065043 18751 146
16065044 18751 1906
16065045 18751 2035
16065046 18751 1809
16065047 18751 1810
16065048 18751 1812
16065059 18751 12
16065060 18751 1825
16065061 18751 1684
16065072 18752 1807
16066001 18752 1771
16066002 18752 1948
16066003 18752 1920
16066004 18752 1905
16066005 18752 1416
16066006 18752 2058
16066007 18752 1742
16066008 18752 1880
16066009 18752 1833
16066010 18752 11
16066011 18752 1821
16066012 18752 834
16066015 18753 2100
16066016 18753 1660
16066017 18753 1934
16066018 18753 915
16066019 18753 929
16066020 18753 895
16066021 18753 1062
16066026 18753 1805
16066027 18753 1849
16066028 18753 129
16066029 18753 18
16066030 18753 362
16066031 18753 1795
16066032 18753 1527
16066033 18753 1699
16066035 18753 1536
16066046 18754 432
16066047 18754 1772
16066048 18754 199
16066049 18754 1547
16066050 18754 1818
16066051 18754 2398
16066052 18754 1843
16066053 18754 1586
16066054 18754 1286
16066055 18754 1651
16066057 18754 35
16066059 18754 1808
16066060 18754 1811
16067001 18754 1894
16067002 18754 20
16067003 18754 1872
16067004 18754 1558
16067005 18754 1909
16067006 18754 438
16067013 18758 1267
16067014 18758 753
16067015 18758 1806
16067016 18758 1876
16067017 18758 1818
16067019 18758 1820
16067020 18758 1832
16067021 18758 1809
16067022 18758 1686
16067039 18760 2256
16067040 18760 313
16067041 18760 1895
16067042 18760 1997
16067043 18760 1809
16067044 18760 1754
16067045 18760 39
16067046 18760 111
16067047 18760 103
16067048 18760 10
16068001 18760 1699
16068002 18760 11
16068003 18760 1865
16068004 18760 1592
16068005 18760 1915
16068006 18760 1850
16068007 18760 1824
16068008 18760 1918
16068009 18760 1982
16068010 18760 888
16068012 18761 1614
16068013 18761 553
16068014 18761 2030
16068015 18761 1833
16068016 18761 1663
16068017 18761 433
16068018 18761 2383
16068021 18761 1790
16068022 18761 2002
16068023 18761 603
16068024 18761 1995
16068025 18761 1033
16068026 18761 160
16068027 18761 17
16068028 18761 839
16068029 18761 2064
16068030 18761 1917
16068031 18761 170
16068032 18761 1996
16068033 18761 12
16068034 18761 1818
16068035 18761 2021
16068036 18761 1814
16068037 18761 1481
16068038 18761 1854
16068039 18761 1842
16068040 18761 1264
16068042 18761 1763
16068043 18761 97
16068055 18763 1805
16068056 18763 1170
16068057 18763 558
16068058 18763 1828
16069001 18763 1930
16069002 18763 1830
16069003 18763 1553
16069004 18763 358
16069005 18763 562
16069006 18763 1808
16069007 18763 1796
16069008 18763 1817
16069009 18763 1801
16069010 18763 1242
16069011 18763 1813
16069012 18763 1822
16069013 18763 475
16069014 18763 109
16069015 18763 16
16069016 18763 1173
16069023 18764 36
16069024 18764 624
16069025 18764 1856
16069026 18764 1807
16069027 18764 1820
16069028 18764 1820
16069029 18764 660
16069030 18764 1293
16069031 18764 733
16069032 18764 456
16069033 18764 1026
16069034 18764 1833
16069035 18764 1845
16069036 18764 2296
16069037 18764 148
16069038 18764 225
16069039 18764 1655
16069040 18764 240
16069041 18764 1854
16069042 18764 1894
16069045 18765 149
16069046 18765 39
16069047 18765 282
16069048 18765 51
16069049 18765 518
16069050 18765 12
16069052 18765 25
16069053 18765 1232
16069054 18765 1746
16069055 18765 558
16069056 18765 8
16069058 18765 14
16069059 18765 69
16069060 18765 3006
16069061 18765 253
16069062 18765 1967
16069063 18765 1227
16069064 18765 1795
16069065 18765 1777
16069066 18765 1714
16069067 18765 857
16070002 18766 39
16070003 18766 2227
16070004 18766 1825
16070005 18766 1816
16070006 18766 1842
16070007 18766 142
16070008 18766 2143
16070009 18766 2222
16070010 18766 1891
16070011 18766 266
16070012 18766 1820
16070013 18766 1838
16070014 18766 440
16070015 18766 537
16070035 18772 91
16070036 18772 38
16070037 18772 66
16070038 18772 86
16070039 18772 1658
16071001 18772 1221
16071002 18772 948
16071003 18772 229
16071004 18772 132
16071005 18772 86
16071006 18772 869
16071007 18772 1706
16071008 18772 34
16071009 18772 86
16071010 18772 564
16071011 18772 63
16071012 18772 16
16071013 18772 11
16071014 18772 21
16071015 18772 48
16071016 18772 1552
16071017 18772 100
16071018 18772 551
16071019 18772 53
16071020 18772 54
16071021 18772 -1426151761
