16064074 18749
16064075 18749
16064076 18749
16064077 18749
16064078 18749
16064079 18749
16064080 18749
16064081 18749
16064082 18749
16065001 18749
16065002 18749
16065003 18749
16065004 18749
16065005 18749
16065006 18749
16065007 18749
16065008 18749
16065009 18749
16065010 18749
16065011 18749
16065012 18749
16065013 18749
16065014 18749
16065015 18749
16065016 18749
16065017 18749
16065018 18749
16065023 18750
16065024 18750
16065025 18750
16065026 18750
16065027 18750
16065028 18750
16065036 18751
16065037 18751
16065038 18751
16065039 18751
16065041 18751
16065042 18751
16065043 18751
16065044 18751
16065045 18751
16065046 18751
16065047 18751
16065048 18751
16065059 18751
16065060 18751
16065061 18751
16065072 18752
16066001 18752
16066002 18752
16066003 18752
16066004 18752
16066005 18752
16066006 18752
16066007 18752
16066008 18752
16066009 18752
16066010 18752
16066011 18752
16066012 18752
16066015 18753
16066016 18753
16066017 18753
16066018 18753
16066019 18753
16066020 18753
16066021 18753
16066026 18753
16066027 18753
16066028 18753
16066029 18753
16066030 18753
16066031 18753
16066032 18753
16066033 18753
16066035 18753
16066046 18754
16066047 18754
16066048 18754
16066049 18754
16066050 18754
16066051 18754
16066052 18754
16066053 18754
16066054 18754
16066055 18754
16066057 18754
16066059 18754
16066060 18754
16067001 18754
16067002 18754
16067003 18754
16067004 18754
16067005 18754
16067006 18754
16067013 18758
16067014 18758
16067015 18758
16067016 18758
16067017 18758
16067019 18758
16067020 18758
16067021 18758
16067022 18758
16067039 18760
16067040 18760
16067041 18760
16067042 18760
16067043 18760
16067044 18760
16067045 18760
16067046 18760
16067047 18760
16067048 18760
16068001 18760
16068002 18760
16068003 18760
16068004 18760
16068005 18760
16068006 18760
16068007 18760
16068008 18760
16068009 18760
16068010 18760
16068012 18761
16068013 18761
16068014 18761
16068015 18761
16068016 18761
16068017 18761
16068018 18761
16068021 18761
16068022 18761
16068023 18761
16068024 18761
16068025 18761
16068026 18761
16068027 18761
16068028 18761
16068029 18761
16068030 18761
16068031 18761
16068032 18761
16068033 18761
16068034 18761
16068035 18761
16068036 18761
16068037 18761
16068038 18761
16068039 18761
16068040 18761
16068042 18761
16068043 18761
16068055 18763
16068056 18763
16068057 18763
16068058 18763
16069001 18763
16069002 18763
16069003 18763
16069004 18763
16069005 18763
16069006 18763
16069007 18763
16069008 18763
16069009 18763
16069010 18763
16069011 18763
16069012 18763
16069013 18763
16069014 18763
16069015 18763
16069016 18763
16069023 18764
16069024 18764
16069025 18764
16069026 18764
16069027 18764
16069028 18764
16069029 18764
16069030 18764
16069031 18764
16069032 18764
16069033 18764
16069034 18764
16069035 18764
16069036 18764
16069037 18764
16069038 18764
16069039 18764
16069040 18764
16069041 18764
16069042 18764
16069045 18765
16069046 18765
16069047 18765
16069048 18765
16069049 18765
16069050 18765
16069052 18765
16069053 18765
16069054 18765
16069055 18765
16069056 18765
16069058 18765
16069059 18765
16069060 18765
16069061 18765
16069062 18765
16069063 18765
16069064 18765
16069065 18765
16069066 18765
16069067 18765
16070002 18766
16070003 18766
16070004 18766
16070005 18766
16070006 18766
16070007 18766
16070008 18766
16070009 18766
16070010 18766
16070011 18766
16070012 18766
16070013 18766
16070014 18766
16070015 18766
16070035 18772
16070036 18772
16070037 18772
16070038 18772
16070039 18772
16071001 18772
16071002 18772
16071003 18772
16071004 18772
16071005 18772
16071006 18772
16071007 18772
16071008 18772
16071009 18772
16071010 18772
16071011 18772
16071012 18772
16071013 18772
16071014 18772
16071015 18772
16071016 18772
16071017 18772
16071018 18772
16071019 18772
16071020 18772
16071021 18772
16071022 18772
16071023 18772
16071024 18772
16071025 18772
16071026 18772
16071027 18772
16071042 18776
16071043 18776
16071044 18776
16071045 18776
16071046 18776
16071049 18776
16071050 18776
16071051 18776
16071052 18776
16071053 18776
16071054 18776
16071055 18776
16071056 18776
16071057 18776
16071058 18776
16071059 18776
16071060 18776
16071061 18776
16071062 18776
16071069 18777
16071070 18777
16071072 18777
16071073 18777
16071074 18777
16071076 18777
16071077 18777
16071078 18777
16071079 18777
16072001 18777
16072002 18777
16072003 18777
16072005 18777
16072006 18777
16072007 18777
16072008 18777
16072009 18777
16072010 18777
16072011 18777
16072012 18777
16072013 18777
16072014 18777
16072021 18778
16072022 18778
16072023 18778
16072024 18778
16072025 18778
16072026 18778
16072027 18778
16072031 18778
16072032 18778
16072033 18778
16072034 18778
16072035 18778
16072036 18778
16072038 18778
16072039 18778
16072040 18778
16072041 18778
16072042 18778
16072043 18778
16072046 18778
16072047 18778
16072048 18778
16072055 18779
16072056 18779
16072057 18779
16072058 18779
16072059 18779
16072060 18779
16072061 18779
16072062 18779
16073001 18779
16073003 18779
16073004 18779
16073007 18779
16073008 18779
16073009 18779
16073010 18779
16073011 18779
16073012 18779
16073013 18779
16073014 18779
16073015 18779
16073017 18779
16073018 18779
16073019 18779
16073020 18779
16073021 18779
16073023 18779
16073024 18779
16073025 18779
16073026 18779
16073029 18780
16073030 18780
16073031 18780
16073032 18780
16073033 18780
16073034 18780
16073035 18780
16073037 18780
16073038 18780
16073039 18780
16073040 18780
16073042 18780
16073043 18780
16073044 18780
16073045 18780
16073046 18780
16073047 18780
16073048 18780
16073049 18780
16073050 18780
16073051 18780
16074024 18781
16076019 18781
16076028 18781
16077011 18786
16077019 18786
16077020 18786
16077021 18786
16077026 18787
16077027 18787
16077028 18787
16077029 18787
16077030 18787
16077031 18787
16077032 18787
16077033 18787
16077034 18787
16077035 18787
16077036 18787
16077037 18787
16077038 18787
16077039 18787
16077040 18787
16077041 18787
16077043 18787
16077044 18787
16077045 18787
16077046 18787
16077047 18787
16077048 18787
16077054 18788
16077055 18788
16078001 18788
16078002 18788
16078003 18788
16078004 18788
16078005 18788
16078006 18788
16078007 18788
16078008 18788
16078009 18788
16078010 18788
16078011 18788
16078012 18788
16078013 18788
16078014 18788
16078015 18788
16078024 18789
16078025 18789
16078027 18789
16078028 18789
16078029 18789
16078030 18789
16078031 18789
16078032 18789
16078033 18789
16078034 18789
16078035 18789
16078036 18789
16078037 18789
16078038 18789
16078039 18789
16078040 18789
16078041 18789
16078042 18789
16078043 18789
16078055 18790
16078056 18790
16079001 18790
16079002 18790
16079009 18792
16079010 18792
16079011 18792
16079013 18792
16079014 18792
16079015 18792
16079016 18792
16079017 18792
16079018 18792
16079019 18792
16079020 18792
16079021 18792
16079022 18792
16079023 18792
16079024 18792
16079026 18792
16079027 18792
16079028 18792
16079029 18792
16079030 18792
16079031 18792
16079032 18792
16079033 18792
16079034 18792
16079035 18792
16079036 18792
16079037 18792
16079038 18792
16079045 18793
16079046 18793
16079047 18793
16079048 18793
16079049 18793
16079051 18793
16079052 18793
16079054 18793
16079055 18793
16079057 18793
16079058 18793
16079059 18793
16079060 18793
16079061 18793
16079062 18793
16079063 18793
16080001 18793
16080002 18793
16080003 18793
16080004 18793
16080005 18793
16080006 18793
16080007 18793
16080011 18794
16080012 18794
16080013 18794
16080014 18794
16080015 18794
16080016 18794
16080020 18795
16080021 18795
16080022 18795
16080023 18795
16080024 18795
16080025 18795
16080026 18795
16080027 18795
16080028 18795
16080029 18795
16080030 18795
16080031 18795
16080032 18795
16080033 18795
16080035 18795
16080043 18796
16080044 18796
16080045 18796
16080046 18796
16080047 18796
16080048 18796
16080049 18796
16080050 18796
16080051 18796
16080052 18796
16080053 18796
16080054 18796
16080055 18796
16081001 18796
16081002 18796
16081003 18796
16081004 18796
16081011 18797
16081012 18797
16081013 18797
16081015 18797
16081016 18797
16081017 18797
16081018 18797
16081019 18797
16081020 18797
16081021 18797
16081022 18797
16081023 18797
16081024 18797
16081025 18797
16081026 18797
16081027 18797
16081035 18798
16081036 18798
16081037 18798
16081048 18800
16081049 18800
16081050 18800
16081051 18800
16081052 18800
16081053 18800
16081054 18800
16081055 18800
16081056 18800
16081057 18800
16081058 18800
16081059 18800
16081060 18800
16081061 18800
16082001 18800
16082002 18800
16082003 18800
16082010 18801
16082011 18801
16082012 18801
16082013 18801
16082014 18801
16082015 18801
16082016 18801
16082017 18801
16082018 18801
16082019 18801
16082020 18801
16082022 18801
16082023 18801
16082024 18801
16082025 18801
16082026 18801
16082027 18801
16082028 18801
16082029 18801
16082030 18801
16082039 18803
16082040 18803
16082041 18803
16082042 18803
16082043 18803
16082044 18803
16082045 18803
16082046 18803
16082047 18803
16082048 18803
16082049 18803
16082050 18803
16082051 18803
16082052 18803
16082053 18803
16082054 18803
16082055 18803
16082056 18803
16082057 18803
16082058 18803
16083002 18804
16083003 18804
16083004 18804
16083005 18804
16083006 18804
16083007 18804
16083008 18804
16083009 18804
16083010 18804
16083011 18804
16083012 18804
16083013 18804
16083014 18804
16083015 18804
16083016 18804
16083017 18804
16083018 18804
16083019 18804
16083021 18804
16083022 18804
16083041 18805
16083042 18805
16083043 18805
16083044 18805
16083045 18805
16083046 18805
16083047 18805
16083048 18805
16083049 18805
16083050 18805
16083051 18805
16083052 18805
16083053 18805
16083054 18805
16083055 18805
16083056 18805
16083057 18805
16083058 18805
16083059 18805
16083060 18805
16083061 18805
16083068 18806
16083069 18806
16083074 18807
16083075 18807
16083078 18807
16083079 18807
16083080 18807
16083081 18807
16083082 18807
16083083 18807
16083084 18807
16084001 18807
16084002 18807
16084003 18807
16084004 18807
16084005 18807
16084006 18807
16084007 18807
16084008 18807
16084009 18807
16084010 18807
16084011 18807
16084012 18807
16084013 18807
16084014 18807
16084015 18807
16084016 18807
16084017 18807
16084018 18807
16084019 18807
16084020 18807
16085004 18815
16085005 18815
16085006 18815
16085007 18815
16085008 18815
16085009 18815
16085010 18815
16085011 18815
16085012 18815
16085013 18815
16085014 18815
16085022 18816
16085023 18816
16085024 18816
16085025 18816
16085026 18816
16085027 18816
16085028 18816
16085029 18816
16085030 18816
16085031 18816
16085032 18816
16085033 18816
16085034 18816
16085035 18816
16085036 18816
16085037 18816
16085038 18816
16085048 18818
16085049 18818
16085050 18818
16085051 18818
16085052 18818
16085053 18818
16085054 18818
16085055 18818
16085056 18818
16085057 18818
16085058 18818
16085061 18819
16085062 18819
16085063 18819
16085064 18819
16085065 18819
16085066 18819
16085067 18819
16085068 18819
16085069 18819
16085070 18819
16085071 18819
16085072 18819
16085073 18819
16085074 18819
16086001 18819
16086002 18819
16086003 18819
16086004 18819
16086005 18819
16086006 18819
16086007 18819
16086008 18819
16086009 18819
16086010 18819
16086011 18819
16086023 18820
16086024 18820
16086025 18820
16086026 18820
16086027 18820
16086028 18820
16086029 18820
16086030 18820
16086031 18820
16086032 18820
16086033 18820
16086034 18820
16086035 18820
16086036 18820
16086037 18820
16086038 18820
16086039 18820
16086040 18820
16086041 18820
16086042 18820
16086043 18820
16086050 18827
16086051 18827
16086052 18827
16086053 18827
16086054 18827
16087001 18827
16087002 18827
16087003 18827
16087004 18827
16087005 18827
16087006 18827
16087007 18827
16087008 18827
16087009 18827
16087010 18827
16087011 18827
16087018 18828
16087019 18828
16087020 18828
16087021 18828
16087022 18828
16087023 18828
16087024 18828
16087025 18828
16087026 18828
16087027 18828
16087028 18828
16087029 18828
16087030 18828
16087031 18828
16087032 18828
16087033 18828
16087034 18828
16087041 18829
16087042 18829
16087043 18829
16087044 18829
16087045 18829
16087046 18829
16087047 18829
16087048 18829
16087049 18829
16087050 18829
16087051 18829
16087052 18829
16087053 18829
16087054 18829
16087055 18829
16088001 18829
16088009 18837
16088010 18837
16088011 18837
16088012 18837
16088013 18837
16088014 18837
16088015 18837
16088016 18837
16088017 18837
16088018 18837
16088019 18837
16088020 18837
16088021 18837
16088022 18837
16088023 18837
16088024 18837
16088025 18837
16088026 18837
16088027 18837
16088028 18837
16088029 18837
16088030 18837
16088031 18837
16088032 18837
16088039 18838
16088040 18838
16088041 18838
16088042 18838
16088043 18838
16088044 18838
16088045 18838
16088046 18838
16088047 18838
16088048 18838
16088049 18838
16088050 18838
16089001 18838
16089002 18838
16089003 18838
16089004 18838
16089005 18838
16089006 18838
16089007 18838
16089013 18843
16089014 18843
16089015 18843
16089016 18843
16089017 18843
16089018 18843
16089019 18843
16089020 18843
16089021 18843
16089022 18843
16089023 18843
16089024 18843
16089025 18843
16089026 18843
16089027 18843
16089028 18843
16089029 18843
16089030 18843
16089031 18843
16089032 18843
16089041 18846
16089042 18846
16089043 18846
16089044 18846
16089045 18846
16089046 18846
16089047 18846
16089048 18846
16089049 18846
16089050 18846
16089051 18846
16089052 18846
16089053 18846
16089054 18846
16090001 18846
16090002 18846
