fill 18749
26 26 26 24 3 24
    2 2 2 0
fill 18750
24 25 26 26 0 24
    0 1 2 2
fill 18751
26 26 24 26 2 24
    2 2 0 2
fill 18752
24 26 26 26 0 24
    0 2 2 2
fill 18753
26 25 26 25 1 25
    1 0 1 0
fill 18754
26 25 26 25 1 25
    1 0 1 0
fill 18758
25 26 25 26 0 25
    0 1 0 1
fill 18760
25 26 25 26 0 25
    0 1 0 1
fill 18761
26 26 26 24 3 24
    2 2 2 0
fill 18763
26 26 26 24 3 24
    2 2 2 0
fill 18764
manually kicked 18764 16 1 1
24 26 26 25 0 24
    0 2 2 1
fill 18765
26 24 26 26 1 24
    2 0 2 2
fill 18766
26 25 26 25 1 25
    1 0 1 0
fill 18772
25 26 25 26 0 25
    0 1 0 1
fill 18776
25 26 25 26 0 25
    0 1 0 1
fill 18777
26 26 24 26 2 24
    2 2 0 2
fill 18778
26 24 26 26 1 24
    2 0 2 2
fill 18779
26 26 24 26 2 24
    2 2 0 2
fill 18780
24 26 26 26 0 24
    0 2 2 2
fill 18781
24 26 26 26 0 24
    0 2 2 2
fill 18786
26 25 26 25 1 25
    1 0 1 0
fill 18787
manually kicked 18787 0 -1 1
manually kicked 18787 109 1 1
manually kicked 18787 110 -1 -1
24 25 25 25 0 24
    0 1 1 1
fill 18788
25 26 25 26 0 25
    0 1 0 1
fill 18789
26 26 26 24 3 24
    2 2 2 0
fill 18790
26 24 26 26 1 24
    2 0 2 2
fill 18792
26 24 26 26 1 24
    2 0 2 2
fill 18793
26 26 24 26 2 24
    2 2 0 2
fill 18794
24 26 26 26 0 24
    0 2 2 2
fill 18795
26 25 26 25 1 25
    1 0 1 0
fill 18796
26 25 26 25 1 25
    1 0 1 0
fill 18797
25 26 25 26 0 25
    0 1 0 1
fill 18798
25 26 25 26 0 25
    0 1 0 1
fill 18800
26 26 26 24 3 24
    2 2 2 0
fill 18801
26 24 26 26 1 24
    2 0 2 2
fill 18803
26 26 24 26 2 24
    2 2 0 2
fill 18804
24 26 26 26 0 24
    0 2 2 2
fill 18805
26 25 26 25 1 25
    1 0 1 0
fill 18806
26 25 26 25 1 25
    1 0 1 0
fill 18807
26 25 26 25 1 25
    1 0 1 0
fill 18815
25 26 25 26 0 25
    0 1 0 1
fill 18816
25 26 25 26 0 25
    0 1 0 1
fill 18818
26 26 26 24 3 24
    2 2 2 0
fill 18819
26 24 26 26 1 24
    2 0 2 2
fill 18820
26 24 26 26 1 24
    2 0 2 2
fill 18827
26 26 24 26 2 24
    2 2 0 2
fill 18828
24 26 26 26 0 24
    0 2 2 2
fill 18829
26 25 26 25 1 25
    1 0 1 0
fill 18837
26 25 26 25 1 25
    1 0 1 0
fill 18838
25 26 25 26 0 25
    0 1 0 1
fill 18843
25 26 25 26 0 25
    0 1 0 1
fill 18846
26 26 26 24 3 24
    2 2 2 0
