16064034
16064035
16064036
16064037
16064074
16064075
16064076
16064077
16064078
16064079
16064080
16064081
16064082
16065001
16065002
16065003
16065004
16065005
16065006
16065007
16065008
16065009
16065010
16065011
16065012
16065013
16065014
16065015
16065016
16065017
16065018
16065023
16065024
16065025
16065026
16065027
16065028
16065036
16065037
16065038
16065039
16065041
16065042
16065043
16065044
16065045
16065046
16065047
16065048
16065059
16065060
16065061
16065072
16066001
16066002
16066003
16066004
16066005
16066006
16066007
16066008
16066009
16066010
16066011
16066012
16066015
16066016
16066017
16066018
16066019
16066020
16066021
16066026
16066027
16066028
16066029
16066030
16066031
16066032
16066033
16066035
16066046
16066047
16066048
16066049
16066050
16066051
16066052
16066053
16066054
16066055
16066057
16066059
16066060
16067001
16067002
16067003
16067004
16067005
16067006
16067013
16067014
16067015
16067016
16067017
16067019
16067020
16067021
16067022
16067039
16067040
16067041
16067042
16067043
16067044
16067045
16067046
16067047
16067048
16068001
16068002
16068003
16068004
16068005
16068006
16068007
16068008
16068009
16068010
16068012
16068013
16068014
16068015
16068016
16068017
16068018
16068021
16068022
16068023
16068024
16068025
16068026
16068027
16068028
16068029
16068030
16068031
16068032
16068033
16068034
16068035
16068036
16068037
16068038
16068039
16068040
16068042
16068043
16068055
16068056
16068057
16068058
16069001
16069002
16069003
16069004
16069005
16069006
16069007
16069008
16069009
16069010
16069011
16069012
16069013
16069014
16069015
16069016
16069023
16069024
16069025
16069026
16069027
16069028
16069029
16069030
16069031
16069032
16069033
16069034
16069035
16069036
16069037
16069038
16069039
16069040
16069041
16069042
16069045
16069046
16069047
16069048
16069049
16069050
16069052
16069053
16069054
16069055
16069056
16069058
16069059
16069060
16069061
16069062
16069063
16069064
16069065
16069066
16069067
16070002
16070003
16070004
16070005
16070006
16070007
16070008
16070009
16070010
16070011
16070012
16070013
16070014
16070015
16070035
16070036
16070037
16070038
16070039
16071001
16071002
16071003
16071004
16071005
16071006
16071007
16071008
16071009
16071010
16071011
16071012
16071013
16071014
16071015
16071016
16071017
16071018
16071019
16071020
16071021
16071022
16071023
16071024
16071025
16071026
16071027
16071035
16071038
16071042
16071043
16071044
16071045
16071046
16071049
16071050
16071051
16071052
16071053
16071054
16071055
16071056
16071057
16071058
16071059
16071060
16071061
16071062
16071069
16071070
16071072
16071073
16071074
16071076
16071077
16071078
16071079
16072001
16072002
16072003
